training_error:0.05
testing_error:0.13333333333333333
w_of_setosa = -0.0844799844747642, 0.44581505498075374, -0.8401826951612854, -0.3955663678919351
b_of_setosa = 1.56536027
support_vector_indices_of_setosa:[73, 78, 13, 14, 31]
w_of_versicolor = -0.27866491540572547, -1.4100000000000001, 0.48818540030647617, -0.7541801465236487
b_of_versicolor = 4.26123751
support_vector_indices_of_versicolor:[2, 3, 15, 19, 20, 24, 27, 28, 31, 32, 35, 37, 81, 82, 83, 84, 86, 88, 89, 91, 92, 93, 95, 96, 97, 98, 99, 100, 102, 103, 104, 105, 107, 108, 109, 112, 113, 116, 117, 119, 41, 42, 43, 44, 45, 46, 47, 48, 49, 50, 51, 52, 53, 54, 55, 56, 57, 58, 59, 60, 61, 62, 63, 64, 65, 66, 67, 68, 69, 70, 71, 72, 73, 74, 75, 76, 77, 78, 79]
w_of_virginica = -0.1286442821051341, -0.4223148882164675, 1.5263467916532405, 1.346810447700801
b_of_virginica = -7.68506986
support_vector_indices_of_virginica:[43, 46, 48, 50, 52, 53, 56, 57, 58, 63, 64, 65, 66, 67, 71, 80, 81, 83, 89, 91, 93, 96, 97, 103, 104, 108, 111, 112, 116, 117, 119]
