training_error:0.05
testing_error:0.06666666666666667
w_of_setosa = -0.045753522551277875, 0.5221676565626306, -1.0029405805248384, -0.46406881979483
b_of_setosa = 1.44746413
support_vector_indices_of_setosa:[78, 13, 31]
w_of_versicolor = -0.4100581528484506, -1.930701643021405, 0.9869751196423993, -1.7754270468840423
b_of_versicolor = 6.01219978
support_vector_indices_of_versicolor:[2, 3, 14, 15, 19, 20, 24, 27, 28, 31, 35, 81, 82, 83, 84, 86, 88, 89, 91, 92, 93, 95, 96, 97, 98, 99, 100, 102, 103, 104, 105, 107, 108, 112, 116, 117, 119, 41, 43, 44, 45, 46, 47, 48, 49, 50, 51, 52, 53, 54, 55, 56, 57, 58, 59, 60, 61, 62, 63, 64, 65, 66, 68, 69, 70, 71, 72, 74, 75, 76, 77, 78, 79]
w_of_virginica = -0.3422213037229751, -0.3396522303944849, 2.0524134332939514, 2.223404039744095
b_of_virginica = -10.63575393
support_vector_indices_of_virginica:[43, 46, 48, 50, 52, 56, 57, 63, 64, 66, 80, 89, 91, 93, 96, 97, 103, 104, 108, 116, 119]
