training_error:0.05
testing_error:0.1
w_of_setosa = -0.04521495694126659, 0.4433194724688101, -0.8544886309298712, -0.3837792357939378
b_of_setosa = 1.40995451
support_vector_indices_of_setosa:[73, 78, 13, 14, 31]
w_of_versicolor = -0.43423162034713814, -1.8639495554533814, 0.7166970087740236, -1.0808754761483974
b_of_versicolor = 6.17448947
support_vector_indices_of_versicolor:[2, 3, 15, 19, 20, 24, 27, 28, 31, 32, 35, 37, 81, 82, 83, 84, 86, 88, 89, 91, 92, 93, 95, 96, 97, 98, 99, 100, 102, 103, 104, 105, 107, 108, 109, 112, 113, 116, 117, 119, 41, 43, 44, 45, 46, 47, 48, 49, 50, 51, 52, 53, 54, 55, 56, 57, 58, 59, 60, 61, 62, 63, 64, 65, 66, 67, 68, 69, 70, 71, 72, 73, 74, 75, 76, 77, 78, 79]
w_of_virginica = -0.2024590481111468, -0.43802890670065, 1.816552192897141, 1.6380342606040228
b_of_virginica = -9.09180839
support_vector_indices_of_virginica:[43, 46, 48, 50, 52, 56, 57, 58, 63, 64, 65, 66, 71, 80, 89, 91, 93, 96, 97, 103, 104, 108, 112, 116, 117, 119]
