training_error:0.05
testing_error:0.1
w_of_setosa = -0.06481913353224708, 0.44431528690612704, -0.8470848724414213, -0.3895140134825879
b_of_setosa = 1.48757148
support_vector_indices_of_setosa:[73, 78, 13, 14, 31]
w_of_versicolor = -0.39015834023460366, -1.668013374083973, 0.6227096711455771, -0.9260459009147441
b_of_versicolor = 5.44552663
support_vector_indices_of_versicolor:[2, 3, 15, 19, 20, 24, 27, 28, 31, 32, 35, 37, 81, 82, 83, 84, 86, 88, 89, 91, 92, 93, 95, 96, 97, 98, 99, 100, 102, 103, 104, 105, 107, 108, 109, 112, 116, 117, 119, 41, 42, 43, 44, 45, 46, 47, 48, 49, 50, 51, 52, 53, 54, 55, 56, 57, 58, 59, 60, 61, 62, 63, 64, 65, 66, 67, 68, 69, 70, 71, 72, 73, 74, 75, 76, 77, 78, 79]
w_of_virginica = -0.18089993794872644, -0.48747914902935296, 1.7639730704284897, 1.5621223817993302
b_of_virginica = -8.69434163
support_vector_indices_of_virginica:[43, 46, 48, 50, 52, 53, 56, 57, 58, 63, 64, 65, 66, 71, 80, 83, 89, 91, 93, 96, 97, 103, 104, 108, 112, 116, 117, 119]
