training_error:0.025
testing_error:0.03333333333333333
b_of_setosa = -0.3876898
support_vector_indices_of_setosa:[40, 42, 44, 45, 48, 64, 65, 78, 84, 87, 88, 89, 99, 101, 104, 105, 106, 111, 114, 3, 4, 5, 10, 12, 14, 31, 34]
b_of_versicolor = -0.38180625
support_vector_indices_of_versicolor:[3, 4, 5, 10, 12, 13, 14, 31, 34, 80, 87, 88, 89, 91, 93, 96, 97, 99, 101, 103, 104, 108, 111, 119, 40, 42, 43, 46, 48, 50, 52, 56, 57, 63, 64, 65, 66, 78]
b_of_virginica = -0.27525849
support_vector_indices_of_virginica:[3, 4, 5, 10, 12, 14, 31, 34, 40, 43, 46, 48, 50, 52, 56, 57, 58, 63, 64, 65, 66, 78, 80, 87, 88, 89, 91, 93, 96, 97, 99, 101, 103, 104, 106, 108, 111, 116, 119]
