training_error:0.058333333333333334
testing_error:0.16666666666666666
w_of_setosa = -0.15467700647358743, 0.3923423881113787, -0.7654306747311238, -0.3544896685410328
b_of_setosa = 1.8947325
support_vector_indices_of_setosa:[59, 73, 78, 13, 14, 31, 34]
w_of_versicolor = -0.31105228394445783, -1.1716811392227724, 0.37792789016532696, -0.5352117143330747
b_of_versicolor = 3.86544837
support_vector_indices_of_versicolor:[2, 3, 14, 15, 19, 20, 24, 27, 28, 31, 32, 35, 37, 81, 82, 83, 84, 86, 88, 89, 91, 92, 93, 95, 96, 97, 98, 99, 100, 102, 103, 104, 105, 107, 108, 109, 112, 113, 115, 116, 117, 119, 40, 41, 42, 43, 44, 45, 46, 47, 48, 49, 50, 51, 52, 53, 54, 55, 56, 57, 58, 59, 60, 61, 62, 63, 64, 65, 66, 67, 68, 69, 70, 71, 72, 73, 74, 75, 76, 77, 78, 79]
w_of_virginica = -0.07164497321759791, -0.2399999999999976, 1.376031568464548, 1.1621932976234728
b_of_virginica = -7.45759119
support_vector_indices_of_virginica:[43, 45, 46, 48, 50, 52, 53, 55, 56, 57, 58, 63, 64, 65, 66, 67, 71, 80, 81, 83, 89, 91, 93, 96, 97, 103, 104, 107, 108, 111, 112, 116, 117, 119]
