training_error:0.05
testing_error:0.1
w_of_setosa = -0.045753522551277875, 0.5221676565626306, -1.0029405805248384, -0.46406881979483
b_of_setosa = 1.44746413
support_vector_indices_of_setosa:[78, 13, 31]
w_of_versicolor = -0.39956905278349286, -1.9406245726037865, 0.9065693886520428, -1.6239677271588033
b_of_versicolor = 6.10332224
support_vector_indices_of_versicolor:[2, 3, 15, 19, 20, 24, 27, 28, 31, 35, 37, 81, 82, 83, 84, 86, 88, 89, 91, 92, 93, 95, 96, 97, 98, 99, 100, 102, 103, 104, 105, 107, 108, 112, 116, 117, 119, 41, 43, 44, 45, 46, 47, 48, 49, 50, 51, 52, 53, 54, 55, 56, 57, 58, 59, 60, 61, 62, 63, 64, 65, 66, 67, 68, 69, 70, 71, 72, 74, 75, 76, 77, 78, 79]
w_of_virginica = -0.3778620736523638, -0.3963400428138997, 1.9235171898240304, 1.9758768208981654
b_of_virginica = -9.20268921
support_vector_indices_of_virginica:[43, 46, 48, 50, 52, 56, 57, 58, 63, 64, 65, 66, 80, 89, 91, 93, 96, 97, 103, 104, 108, 116, 119]
