training_error:0.05
testing_error:0.1
w_of_setosa = -0.043076966265098215, 0.48820505622483584, -0.9387179775100654, -0.4343589887550328
b_of_setosa = 1.42161509
support_vector_indices_of_setosa:[78, 13, 31]
w_of_versicolor = -0.3929379093974722, -1.921817095729762, 0.8462077239903077, -1.4741404170408055
b_of_versicolor = 6.06715976
support_vector_indices_of_versicolor:[2, 3, 15, 19, 20, 24, 27, 28, 31, 35, 37, 81, 82, 83, 84, 86, 88, 89, 91, 92, 93, 95, 96, 97, 98, 99, 100, 102, 103, 104, 105, 107, 108, 112, 116, 117, 119, 41, 43, 44, 45, 46, 47, 48, 49, 50, 51, 52, 53, 54, 55, 56, 57, 58, 59, 60, 61, 62, 63, 64, 65, 66, 67, 68, 69, 70, 71, 72, 73, 74, 75, 76, 77, 78, 79]
w_of_virginica = -0.3465066270605667, -0.4029080814839954, 1.9019249716636892, 1.774613617726988
b_of_virginica = -8.97370076
support_vector_indices_of_virginica:[43, 46, 48, 50, 52, 56, 57, 58, 63, 64, 66, 80, 89, 91, 93, 96, 97, 103, 104, 108, 112, 116, 119]
