training_error:0.05
testing_error:0.1
w_of_setosa = -0.03744979045509154, 0.44244960786579113, -0.8546983775519468, -0.38839745567123396
b_of_setosa = 1.37837615
support_vector_indices_of_setosa:[73, 78, 13, 31]
w_of_versicolor = -0.4242998868907292, -1.8505823875751728, 0.7997560175449145, -1.2692650812239006
b_of_versicolor = 6.00763093
support_vector_indices_of_versicolor:[2, 3, 15, 19, 20, 24, 27, 28, 31, 32, 35, 37, 81, 82, 83, 84, 86, 88, 89, 91, 92, 93, 95, 96, 97, 98, 99, 100, 102, 103, 104, 105, 107, 108, 112, 113, 116, 117, 119, 41, 43, 44, 45, 46, 47, 48, 49, 50, 51, 52, 53, 54, 55, 56, 57, 58, 59, 60, 61, 62, 63, 64, 65, 66, 67, 68, 69, 70, 71, 72, 73, 74, 75, 76, 77, 78, 79]
w_of_virginica = -0.30944071526118305, -0.46272328421007003, 1.824338402078261, 1.731968773865904
b_of_virginica = -8.55071999
support_vector_indices_of_virginica:[43, 46, 48, 50, 52, 56, 57, 58, 63, 64, 65, 66, 80, 89, 91, 93, 96, 97, 103, 104, 108, 112, 116, 117, 119]
